((("critical" .
   [1 0 0 0 0 0 0 0])
  ("atomic" .
   [4 0 0 0 0 0])
  ("single" .
   [3 0 0 0 0 0])
  ("paddr" .
   [3 0 0 0 0])
  ("nfd" .
   [1 0 0])
  ("epoll_event" .
   [1 0 0 0 0 0 0 0 0 0 0])
  ("events" .
   [4 0 0 0 0 0])
  ("fd_dsp_w" .
   [7 0 0 0 0 0 0 0])
  ("fd_dsp_r" .
   [7 0 0 0 0 0 0 0])
  ("memset" .
   [1 0 0 0 0 0])
  ("epoll" .
   [0 0 0 2 0])
  ("epoll_create" .
   [1 0 0 0 0 0 0 0 0 0 0 0])
  ("errno" .
   [1 0 0 0 0])
  ("addrlen" .
   [1 0 0 0 0 0 0])
  ("skipしない" .
   [1 0 0 0 0 0 0])
  ("value" .
   [4 0 0 0 0])
  ("s_data" .
   [1 0 0 0 0 0])
  ("skip" .
   [2 0 0 0])
  ("fd_dsp" .
   [7 0 0 0 0 0])
  ("rec" .
   [5 0 0])
  ("r_data" .
   [1 0 0 0 0 0])
  ("frequency" .
   [1 0 0 0 0 0 0 0 0])
  ("ioctl" .
   [1 0 0 0 0])
  ("fd" .
   [2 0])
  ("format" .
   [1 0 0 0 0 0])
  ("dsp_setting" .
   [1 0 0 0 0 0 0 0 0 0 0])
  ("recv" .
   [2 0 0 0])
  ("twittering-mode" .
   [0 0 0 1 0 0 0 0 0 0 0 0 1 0 0])
  ("main関数内で宣言した変数の値が比較的小さい、またはその値を他の関数に変更されたくない場合に用いる方法である。" .
   [0 0 0 0 1 0 0 0 0 0 0 0 0 0 0 0 0 0 0 0 0 0 0 0 0 0 0 0 0 0 0 0 0 0 0 0 0 0 0 0 0 0 0 0 0 0 0 0 0 0 0 0 0 0 0 0])
  ("threshold" .
   [0 0 2 0 0 0 0 0 0])
  ("NOTSOSUU" .
   [0 0 2 1 0 0 0 0])
  ("SOSUU" .
   [0 0 3 0 0])
  ("MAXNUMBER" .
   [0 0 5 0 0 0 0 0 0])
  ("bindir" .
   [0 0 0 0 0 1])
  ("tabbar" .
   [0 0 0 1 0 0])
  ("next_tweet" .
   [0 0 1 0 0 0 0 0 0 0])
  ("max_id" .
   [0 0 1 0 0 0])
  ("favorite" .
   [2 0 0 0 0 0 0 0])
  ("false" .
   [2 0 0 0 0])
  ("favorited" .
   [1 0 0 0 0 0 1 0 0])
  ("success_number" .
   [0 0 3 0 0 0 0 0 0 0 0 0 0 1])
  ("Success" .
   [0 0 1 0 0 0 0])
  ("most_recent_tweet" .
   [0 0 2 0 0 0 0 0 0 0 0 0 0 0 0 0 0])
  ("since" .
   [4 0 0 1 0])
  ("fav_or_not_fav" .
   [0 0 1 0 0 0 0 0 0 0 0 0 0 0])
  ("in_reply_to_status_id" .
   [0 0 1 0 0 0 0 0 0 0 0 0 0 0 0 0 0 0 0 0 0])
  ("reply_to_mention_newest" .
   [0 0 0 1 0 0 0 0 0 0 0 0 0 0 0 0 0 0 0 0 0 0 0])
  ("screen_name" .
   [0 0 1 0 0 0 0 0 0 0 0])
  ("reply" .
   [0 0 0 1 0])
  ("mention_newest" .
   [0 0 3 2 0 0 0 1 0 0 0 0 0 0])
  ("mentions" .
   [0 0 0 0 0 0 0 1])
  ("user_timeline" .
   [0 0 0 1 1 0 0 0 0 0 0 0 1])
  ("pp" .
   [7 0])
  ("fav_number" .
   [3 0 3 0 0 0 0 0 0 1])
  ("target" .
   [1 0 3 1 0 0])
  ("gets" .
   [3 0 2 1])
  ("ARGV" .
   [1 0 1 0])
  ("fav_id" .
   [0 0 1 0 0 0])
  ("fav" .
   [10 0 0])
  ("user" .
   [2 0 0 0])
  ("home_timeline" .
   [0 0 0 0 2 0 0 0 0 0 0 0 0])
  ("tinko" .
   [1 0 0 0 0])
  ("update" .
   [3 0 0 0 2 0])
  ("huga" .
   [1 0 0 0])
  ("hash" .
   [4 0 0 0])
  ("test" .
   [2 0 0 0])
  ("window" .
   [2 0 0 1 0 0])
  ("app" .
   [5 0 0])
  ("text" .
   [2 0 5 0])
  ("Twitter" .
   [0 0 1 13 1 1 0])
  ("EOS" .
   [1 0 0])
  ("oauth_token" .
   [0 0 1 0 0 0 0 0 0 0 0])
  ("consumer_key" .
   [0 0 0 0 0 1 0 0 0 0 0 0])
  ("config" .
   [1 0 0 0 0 3])
  ("require" .
   [0 0 0 0 1 0 1])
  ("pnt" .
   [1 0 0])
  ("vc" .
   [6 0])
  ("PATH" .
   [1 0 0 0])
  ("sort3" .
   [1 0 0 0 0])
  ("seki" .
   [2 0 0 0])
  ("sum_diff_mul" .
   [0 0 0 0 1 0 0 0 0 0 0 0])
  ("mul" .
   [1 0 0])
  ("putchar" .
   [0 0 0 2 0 0 1])
  ("cs" .
   [1 0])
  ("diff" .
   [0 0 2 0])
  ("adc_calib_init" .
   [0 0 0 0 0 0 1 1 0 0 0 0 0 0])
  ("uint_32_t" .
   [0 0 0 0 0 1 0 0 0])
  ("adc_calib_save" .
   [0 0 0 0 0 0 1 0 0 0 0 0 0 0])
  ("realval" .
   [0 0 0 0 1 0 1])
  ("4096L" .
   [1 0 0 0 0])
  ("14" .
   [6 0])
  ("1L" .
   [4 0])
  ("4" .
   [1])
  ("overflow" .
   [0 0 0 0 1 0 0 0])
  ("16" .
   [2 0])
  ("underflow" .
   [0 0 0 0 0 1 0 0 0])
  ("int32" .
   [2 0 0 0 0])
  ("calced" .
   [3 0 0 1 0 2])
  ("uint16_t" .
   [2 0 1 0 0 0 0 0])
  ("uint16" .
   [0 0 0 1 0 0])
  ("ch" .
   [10 0])
  ("adc_coefs" .
   [7 0 3 0 0 0 0 0 0])
  ("adc_coef" .
   [0 0 6 2 1 0 0 1])
  ("int16" .
   [0 0 0 1 0])
  ("_SENSOR_H_" .
   [0 0 1 0 0 0 0 0 0 0])
  ("print_bits" .
   [0 0 0 1 0 0 0 0 0 0])
  ("int_bits" .
   [0 0 0 1 0 0 0 0])
  ("unsigned" .
   [0 0 1 2 0 0 0 0])
  ("count_bits" .
   [0 0 0 0 1 0 0 0 0 0])
  ("puts" .
   [2 0 0 1])
  ("fill" .
   [0 0 1 0])
  ("NUMBER" .
   [1 0 5 1 0 0])
  ("put_nchar" .
   [0 0 0 0 0 0 0 0 1])
  ("count" .
   [28 0 0 0 2])
  ("scanf" .
   [2 0 2 4 3])
  ("884" .
   [2 6 1])
  ("です。最寄り駅としては小田急線" .
   [0 0 0 1 0 0 0 0 0 0 0 0 0 0 0])
  ("６月９日" .
   [0 0 1 0])
  ("819" .
   [2 0 0])
  ("entry_can_motor" .
   [1 0 0 0 0 0 0 0 0 0 0 0 0 0 0])
  ("no" .
   [22 0])
  ("4095" .
   [2 0 0 0])
  ("read_sensor_8bit" .
   [0 0 0 0 0 0 0 0 0 0 0 1 9 0 0 0])
  ("Hanoi" .
   [1 0 0 0 0])
  ("pivoting" .
   [0 0 1 0 0 0 0 0])
  ("row" .
   [2 0 0])
  ("col" .
   [5 0 0])
  ("make1d" .
   [0 0 0 0 0 1])
  ("Array" .
   [0 0 0 0 1])
  ("rot_z" .
   [0 0 0 1 0])
  ("rot_y" .
   [0 0 1 0 0])
  ("rot_x" .
   [0 0 0 1 0])
  ("inverse_q" .
   [0 0 0 0 0 1 0 0 0])
  ("box" .
   [1 0 0])
  ("q_x" .
   [2 0 0])
  ("mult_q" .
   [1 0 2 1 0 0])
  ("mult_mat" .
   [0 0 1 0 0 0 0 0])
  ("psi" .
   [1 0 0])
  ("square_f" .
   [0 0 3 1 0 0 0 0])
  ("prec_f" .
   [0 0 0 1 0 0])
  ("square" .
   [0 0 0 1 0 1])
  ("l_v" .
   [1 0 0])
  ("multiply_divide" .
   [0 0 0 0 0 0 1 0 0 0 0 1 0 0 0])
  ("__INSTALL_ACCELEROMETER__" .
   [0 0 0 0 0 0 0 0 0 0 0 0 0 0 1 0 0 0 0 0 0 0 0 0 0])
  ("NUM_OF_ACCEL" .
   [0 0 0 0 0 0 0 0 0 0 0 2])
  ("NUM_OF_GYRO" .
   [0 0 2 0 0 0 0 0 0 0 0])
  ("solve_simultaneous_equation" .
   [0 0 0 0 0 0 0 0 0 0 0 0 0 0 0 0 0 0 0 0 0 0 0 0 0 0 1])
  ("dy" .
   [3 0])
  ("dx" .
   [4 0])
  ("_USE_MAT_CIRCLE_FITTING" .
   [0 0 0 0 1 0 0 0 0 0 0 0 0 0 0 0 0 0 0 0 0 0 0])
  ("cline" .
   [0 0 2 1 0])
  ("mat_f" .
   [4 0 0 0 0])
  ("mat_e" .
   [4 0 0 0 0])
  ("mat_d" .
   [5 0 0 0 0])
  ("mat_c" .
   [4 0 0 0 0])
  ("mat_b" .
   [4 0 0 0 0])
  ("mat_a" .
   [4 0 0 0 0])
  ("stream" .
   [1 0 0 0 0 0])
  ("tw_set_v_omega" .
   [0 0 0 0 0 1 0 0 0 0 0 0 0 0])
  ("init_shell_run" .
   [0 0 0 0 0 0 0 1 0 0 0 0 0 0])
  ("remove" .
   [0 0 0 0 1 0])
  ("2000" .
   [1 0 0 0])
  ("cmd_test_course2" .
   [1 0 0 0 0 0 0 0 0 0 0 0 0 0 0 0])
  ("cmd_test_course" .
   [0 0 0 0 1 0 0 0 0 0 0 0 0 0 0])
  ("my_timer_get" .
   [0 0 0 0 0 0 0 0 0 0 0 1])
  ("my_timer_stop" .
   [0 0 0 0 0 0 0 0 0 0 0 0 1])
  ("timer" .
   [3 0 0 0 0])
  ("TIME" .
   [0 0 2 0])
  ("my_timer_start" .
   [0 0 0 0 0 0 0 0 0 0 0 0 0 1])
  ("my_timer_t" .
   [0 0 1 1 0 1 0 0 0 0])
  ("timeval" .
   [1 0 0 0 0 0 1])
  ("sec_timeofday" .
   [0 0 0 0 0 0 0 0 1 0 0 0 0])
  ("sec_clock" .
   [0 0 0 0 0 1 0 0 0])
  ("go_stop_with" .
   [0 0 0 0 0 0 0 0 0 0 0 1])
  ("NULL_FP" .
   [0 0 0 0 0 1 0])
  ("prwlock" .
   [0 0 0 1 0 0 0])
  ("sema_init" .
   [0 0 0 0 0 0 1 0 0])
  ("is_interrupting_hs" .
   [1 0 0 0 0 0 0 0 0 0 0 0 0 0 0 0 0 0])
  ("remove_labeled_functions_hs" .
   [1 0 0 0 0 0 0 0 0 0 0 0 0 0 0 0 0 0 0 0 0 0 0 0 0 0 0])
  ("search_function_hs" .
   [1 0 0 0 0 0 0 0 0 0 0 0 0 0 0 0 0 0])
  ("get_function_hs" .
   [1 0 0 0 0 0 0 0 0 0 0 0 0 0 0])
  ("remove_function_hs" .
   [1 0 0 0 0 0 0 0 0 0 0 0 0 0 0 0 0 0])
  ("set_function_hs" .
   [1 0 0 0 0 0 0 0 0 0 0 0 0 0 0])
  ("call_function_list_hs" .
   [1 0 0 0 0 0 0 0 0 0 0 0 0 0 0 0 0 0 0 0 0])
  ("init_function_list_hs" .
   [1 0 0 0 0 0 0 0 0 0 0 0 0 0 0 0 0 0 0 0 0])
  ("init_function_labels_hs" .
   [1 0 0 0 0 0 0 0 0 0 0 0 0 0 0 0 0 0 0 0 0 0 0])
  ("extern" .
   [16 0 1 0 2 0])
  ("finish_facedetect" .
   [0 0 0 0 0 0 0 0 0 0 0 1 0 0 0 0 0])
  ("control_facedetect" .
   [0 0 0 0 0 0 0 0 0 0 1 0 0 0 0 0 0 0])
  ("capture" .
   [0 0 0 1 0 0 0])
  ("init_facedetect" .
   [0 0 0 0 0 0 0 0 0 1 0 0 0 0 0])
  ("p_pack" .
   [0 0 0 0 2 0])
  ("p_list_label_t" .
   [0 0 0 0 0 0 0 0 0 1 0 0 0 0])
  ("malloc_list_func" .
   [0 0 0 0 0 0 0 0 0 0 0 0 0 0 1 1])
  ("lf_last" .
   [0 0 0 0 0 7 0])
  ("set_function" .
   [0 0 0 0 0 0 2 0 0 0 0 0])
  ("func" .
   [5 0 0 0])
  ("fp" .
   [8 0])
  ("malloc_list_label" .
   [0 0 0 0 0 0 0 0 0 3 0 0 0 0 0 0 0])
  ("MALLOC_LABEL" .
   [0 0 1 0 0 0 0 0 0 0 0 0])
  ("label" .
   [6 0 7 2 0])
  ("label_t" .
   [4 0 0 0 0 0 0])
  ("lf_exe" .
   [0 0 0 1 1 0])
  ("ll_head" .
   [0 0 0 4 3 4 1])
  ("ll" .
   [48 0])
  ("lf" .
   [34 1])
  ("list_label_t" .
   [0 0 0 0 0 0 0 3 1 0 0 6])
  ("list_func_t" .
   [0 0 1 5 1 1 0 2 0 0 2])
  ("cycle_type" .
   [0 0 0 0 0 0 0 0 0 1])
  ("_list_func" .
   [0 0 0 0 0 1 0 0 0 0])
  ("_list_label" .
   [0 0 0 0 0 0 0 0 1 0 0])
  ("cycle_type_t" .
   [0 0 10 2 0 0 0 0 0 0 0 0])
  ("enum" .
   [1 0 0 0])
  ("sum_xi" .
   [1 0 0 1 0 2])
  ("sqrtf" .
   [0 0 0 0 1])
  ("_n_each_line" .
   [0 0 0 0 0 1 0 0 0 0 0 0])
  ("_n_all" .
   [1 0 0 0 0 0])
  ("_dy_sum" .
   [0 0 0 1 1 0 0])
  ("_dx_sum" .
   [0 0 0 1 0 0 0])
  ("_n_sum" .
   [0 0 0 0 1 0])
  ("mlmlc_reset" .
   [1 0 0 0 0 0 0 0 0 0 0])
  ("mlmlc" .
   [0 0 0 3 0])
  ("NUM_SAMPLE_INVALID" .
   [0 0 0 4 0 0 0 0 0 0 0 0 0 0 0 0 0 0])
  ("delay_ms" .
   [0 0 0 1 0 0 0 0])
  ("__MLM_MODOKI_REALLY_CORRECT__" .
   [0 0 0 0 0 1 0 0 0 0 0 0 0 0 0 0 0 0 0 0 0 0 0 0 0 0 0 0 0])
  ("logs" .
   [0 0 1 0])
  ("logstr" .
   [2 0 0 0 0 0])
  ("60" .
   [1 0])
  ("std_stream" .
   [0 0 0 0 0 0 1 0 0 0])
  ("cmd_dd_updown_arm" .
   [0 0 0 0 1 0 0 0 0 0 0 0 0 0 0 0 0])
  ("set_dd_updown_arm" .
   [0 0 0 0 0 0 0 1 0 0 0 0 0 0 0 0 0])
  ("fstar" .
   [0 0 1 0 0])
  ("sprintf" .
   [0 0 1 0 0 0 0])
  ("505" .
   [1 0 0])
  ("150" .
   [1 0 0])
  ("island_line" .
   [0 0 1 0 0 0 0 0 0 0 0])
  ("get_nearest_line" .
   [0 0 0 0 0 0 1 0 0 0 0 0 0 0 0 0])
  ("cmd_check_ls_pos" .
   [0 0 0 0 0 0 1 0 0 0 0 0 0 0 0 0])
  ("id" .
   [11 0])
  ("pos_p" .
   [3 0 1 2 1])
  ("_theta_term" .
   [0 0 0 0 0 0 0 0 0 1 0])
  ("omega" .
   [1 0 0 0 0])
  ("UPDOWN_ARM_QUEUE" .
   [0 0 0 0 0 0 0 0 0 0 0 0 0 1 0 0])
  ("UPDOWN_ARM_ID" .
   [0 0 1 0 0 0 0 0 0 0 0 0 0])
  ("task_queue_clear" .
   [0 0 0 0 0 0 0 0 0 0 0 0 0 1 0 0])
  ("task_queue_push" .
   [0 0 0 0 0 0 0 1 0 0 0 0 0 0 0])
  ("logmes" .
   [0 0 0 2 0 2])
  ("_set_updown_arm_pos_by_psm" .
   [1 0 0 0 0 0 0 0 0 0 0 0 0 0 0 0 0 0 0 0 0 0 0 0 0 0])
  ("control_set_updown_arm_pos_by_psm" .
   [1 0 0 0 0 0 0 0 0 0 0 0 0 0 0 0 0 0 0 0 0 0 0 0 0 0 0 0 0 0 0 0 0])
  ("control_set_updown_arm_pos" .
   [0 0 0 0 0 0 0 0 0 0 0 0 0 0 0 0 0 0 1 0 0 0 0 0 0 0])
  ("pos_i" .
   [3 0 0 1 0])
  ("MAX_W" .
   [0 0 1 1 0])
  ("swap" .
   [0 0 1 0])
  ("fpin" .
   [6 0 0 1])
  ("mlm_modoki_set_execute_flag" .
   [0 0 0 0 0 0 0 0 0 0 0 0 0 1 0 0 0 0 0 0 0 0 0 0 0 0 0])
  ("atoi" .
   [0 0 0 1])
  ("v_threshold" .
   [0 0 0 1 1 0 0 0 0 0 0])
  ("get_argv" .
   [1 0 0 0 0 0 1 0])
  ("get_argc" .
   [0 0 0 0 0 0 1 0])
  ("log_odm" .
   [0 0 0 0 0 1 0])
  ("CONTROL_CYCLE" .
   [0 0 0 0 0 0 1 0 0 0 0 0 0])
  ("cmd_root_and_map_info" .
   [0 0 0 0 0 0 1 0 0 0 0 0 0 0 0 0 0 0 0 0 0])
  ("control_root_and_map_info" .
   [0 0 0 2 0 0 0 0 0 0 0 0 0 0 0 0 0 0 0 0 0 0 0 0 0])
  ("MAP_MAP" .
   [1 0 0 0 1 0 0])
  ("MAP_ROOT" .
   [1 0 0 0 0 0 1 0])
  ("sum_yi" .
   [0 0 0 0 0 4])
  ("map_dy_f" .
   [1 0 0 0 0 0 0 0])
  ("sum_cnt" .
   [0 0 2 6 6 1 2])
  ("map_dx_f" .
   [0 0 0 1 1 1 0 0])
  ("av_map_dx_f" .
   [0 0 0 3 0 3 0 0 0 0 0])
  ("MAX_N_LINES" .
   [0 0 9 3 2 0 0 0 0 0 0])
  ("n_samples" .
   [0 0 1 0 4 0 0 0 0])
  ("_params" .
   [0 0 0 8 1 6 0])
  ("all_cnt" .
   [0 0 0 8 0 1 0])
  ("sns_pos_i" .
   [0 0 1 0 0 0 0 0 0])
  ("sns_pos_f" .
   [0 0 8 1 0 0 0 0 0])
  ("command" .
   [1 0 4 1 0 0 0])
  ("__FUNCTION_LIST_H__" .
   [1 0 0 0 0 0 0 0 0 0 0 0 0 0 0 0 0 0 0])
  ("__DV_LINESENSOR_H__" .
   [1 0 0 0 0 0 0 0 0 0 0 0 0 0 0 0 0 0 0])
  ("__DV_LINESENSOR__" .
   [0 0 0 0 0 1 0 0 0 0 0 0 0 0 0 0 0])
  ("get_odometry_root" .
   [1 0 0 0 0 0 0 0 0 0 0 0 0 0 0 1 0])
  ("set_root_map_pos" .
   [0 0 0 0 0 0 2 0 0 0 0 0 0 0 0 0])
  ("initial_pos" .
   [0 0 0 1 0 1 1 0 1 0 0])
  ("1515" .
   [1 0 0 0])
  ("line_num" .
   [0 0 0 0 0 0 0 3])
  ("line_id" .
   [2 0 0 0 0 0 2])
  ("line_t" .
   [0 0 0 0 0 1])
  ("buf" .
   [2 0 3])
  ("sum" .
   [21 0 2])
  ("calc" .
   [0 0 0 1])
  ("fout" .
   [12 0 0 4])
  ("fprintf" .
   [4 0 0 0 1 0 0])
  ("month" .
   [0 0 1 2 0])
  ("fin" .
   [18 0 1])
  ("shushi" .
   [0 0 1 4 0 0])
  ("fscanf" .
   [0 0 3 0 2 1])
  ("total" .
   [0 0 3 0 1])
  ("init" .
   [2 0 0 0])
  ("stdout" .
   [1 0 0 0 0 0])
  ("fopen" .
   [2 0 4 1 0])
  ("input" .
   [2 0 0 1 1])
  ("DEBUG_MODE" .
   [0 0 0 1 1 0 0 0 0 0])
  ("particle" .
   [0 0 0 0 0 0 0 1])
  ("cmd_spline_l" .
   [0 0 0 0 0 0 1 0 0 0 0 0])
  ("cmd_phase1" .
   [0 0 0 0 1 0 0 0 0 0])
  ("float" .
   [24 0 4 30 1])
  ("LABEL_USER_POST" .
   [0 0 0 0 4 0 1 0 0 0 2 0 0 0 0])
  ("index" .
   [1 0 1 0 0])
  ("__INITIALIZE_P_GETC__" .
   [0 0 0 1 0 0 0 0 0 0 0 0 0 0 0 0 0 0 0 0 0])
  ("USE_SIMULATOR" .
   [0 0 0 0 0 0 1 0 0 0 0 0 0])
  ("link_as_linesensor1" .
   [0 0 0 1 0 0 0 0 0 0 0 0 0 0 0 0 0 0 0])
  ("link_as_linesensor0" .
   [0 0 0 0 0 0 0 1 0 0 0 0 0 0 0 0 0 0 0])
  ("dist" .
   [4 0 3 0])
  ("dist_y" .
   [6 0 0 0 0 0])
  ("MIN" .
   [4 0 0])
  ("LINE_SIDE_LENGTH" .
   [0 0 0 0 0 1 0 1 0 0 0 0 0 0 0 0])
  ("dist_x" .
   [1 0 0 6 0 0])
  ("LINE_OFFSET_X" .
   [1 0 0 0 0 0 0 0 0 0 0 0 0])
  ("LINE_OFFSET_Y" .
   [1 0 0 0 3 0 0 0 0 0 0 0 0])
  ("pos_sensor" .
   [0 0 0 0 0 0 4 0 0 0])
  ("__INCLUDED_LINE_H__" .
   [0 0 1 0 0 0 0 0 0 0 0 0 0 0 0 0 0 0 0])
  ("p_mot" .
   [2 0 0 0 0])
  ("log_message" .
   [0 0 0 1 0 0 1 0 1 0 0])
  ("stdlib" .
   [2 0 0 0 0 0])
  ("RIGHT_MOTOR" .
   [1 0 0 0 0 1 0 0 0 0 0])
  ("LEFT_MOTOR" .
   [0 0 0 0 0 0 0 0 0 1])
  ("hal" .
   [3 0 0])
  ("stop_all_motors" .
   [0 0 0 0 0 0 0 0 1 0 0 0 0 0 0])
  ("__INCLUDED_ROBOLIB_H__" .
   [0 0 1 0 0 0 0 0 0 0 0 0 0 0 0 0 0 0 0 0 0 0])
  ("ifndef" .
   [2 0 0 1 0 0])
  ("__INCLUDED_PARAMS_H__" .
   [0 0 2 0 0 0 0 0 0 0 0 0 0 0 0 0 0 0 0 0 0])
  ("define" .
   [30 1 3 2 4 3])
  ("Command" .
   [0 0 0 0 0 1 0])
  ("init_command" .
   [0 0 0 0 0 0 0 1 0 1 0 0])
  ("lsl_j" .
   [1 0 0 0 0])
  ("lsm_j" .
   [1 0 0 0 0])
  ("lsl_package_t" .
   [0 0 0 0 0 0 1 0 0 0 0 0 0])
  ("ls_list_t" .
   [0 0 0 0 0 1 0 0 0])
  ("ls_material_t" .
   [1 0 0 0 0 1 0 0 0 0 0 0 0])
  ("UNIT_MM" .
   [0 0 0 11 0 0 0])
  ("310" .
   [1 0 0])
  ("FIELD_RED" .
   [0 0 3 1 0 0 0 0 0])
  ("dest" .
   [3 0 3 0])
  ("map_t" .
   [0 0 0 3 0])
  ("field_color_get" .
   [0 0 4 1 0 0 0 0 0 0 0 0 0 0 0])
  ("block_go_china" .
   [1 0 0 0 0 0 0 0 0 0 0 0 0 0])
  ("a" .
   [7])
  ("ABS" .
   [4 0 1])
  ("control" .
   [0 0 0 0 2 0 0])
  ("_cs" .
   [2 0 0])
  ("field" .
   [0 0 4 0 0])
  ("endl" .
   [2 0 0 0])
  ("cout" .
   [3 0 0 2])
  ("sec" .
   [1 0 0])
  ("system" .
   [1 0 0 0 0 0])
  ("console" .
   [0 0 2 8 1 0 0])
  ("public" .
   [0 0 2 0 0 0])
  ("private" .
   [0 0 0 2 0 0 0])
  ("_image" .
   [0 0 3 1 3 0])
  ("image" .
   [5 0 0 1 0])
  ("bool" .
   [5 0 1 2])
  ("shape" .
   [2 0 0 2 3])
  ("change_to_next_mode" .
   [0 0 0 0 0 0 0 0 0 1 0 0 0 0 0 0 0 0 0])
  ("pos" .
   [8 0 4])
  ("set_dmc_drive_operate_dd" .
   [1 0 0 0 0 0 0 0 0 0 0 0 0 0 0 0 0 0 0 0 0 0 0 0])
  ("set_dmc_drive_operate" .
   [0 0 0 0 0 0 0 0 0 0 0 0 0 0 0 0 1 0 0 0 0])
  ("dmc_drive_operate" .
   [0 0 0 0 0 0 0 0 0 0 0 0 1 0 0 0 0])
  ("lists" .
   [1 0 0 0 0])
  ("output" .
   [3 0 1 6 1 0])
  ("interactive" .
   [0 0 0 0 1 1 0 0 0 0 0])
  ("insert" .
   [4 0 6 0 1 0])
  ("set-buffer" .
   [0 0 0 0 1 0 0 0 0 0])
  ("other-window" .
   [1 0 0 1 0 6 0 0 0 0 0 0])
  ("nil" .
   [4 0 0])
  ("notify-window-buffer" .
   [0 0 0 0 1 0 0 0 0 0 0 0 0 0 0 0 0 0 0 0])
  ("emacstan" .
   [0 0 0 1 0 0 0 0])
  ("Emacs" .
   [0 0 0 1 0])
  ("gtags" .
   [0 0 0 2 0])
  ("error" .
   [1 0 0 0 0])
  ("funcname" .
   [0 0 2 1 0 0 0 0])
  ("gtags-get-rootpath" .
   [0 0 0 0 0 0 1 0 0 2 0 0 0 0 0 0 0 0])
  ("setq" .
   [13 0 0 0])
  ("compiled" .
   [0 0 0 1 0 0 0 0])
  ("div" .
   [1 0 0])
  ("500" .
   [3 0 0])
  ("array" .
   [7 0 3 2 8])
  ("center" .
   [0 0 4 1 0 0])
  ("clock" .
   [4 0 0 0 0])
  ("20" .
   [3 0])
  ("15" .
   [3 0])
  ("Clock" .
   [0 0 0 5 0])
  ("group" .
   [1 0 0 0 0])
  ("g" .
   [1])
  ("circle" .
   [2 0 0 0 0 0])
  ("set_time" .
   [0 0 0 0 0 1 0 0])
  ("t_l" .
   [4 0 0])
  ("p2_s" .
   [0 0 1 0])
  ("p1_s" .
   [0 0 1 0])
  ("t_s" .
   [2 0 0])
  ("12" .
   [4 0])
  ("short" .
   [3 0 0 0 0])
  ("long" .
   [4 0 0 0])
  ("hour" .
   [2 0 0 2])
  ("min" .
   [5 0 0])
  ("FillCircle" .
   [0 0 1 0 1 0 0 0 0 0])
  ("25" .
   [3 0])
  ("5" .
   [2])
  ("make2d" .
   [0 0 0 0 2 0])
  ("to_f" .
   [7 0 1 0])
  ("to_i" .
   [1 0 12 0])
  ("oo" .
   [1 0])
  ("100" .
   [10 0 0])
  ("p0" .
   [5 0])
  ("Group" .
   [0 0 0 4 1])
  ("copy" .
   [16 0 0 1])
  ("zoom" .
   [7 0 2 3])
  ("t" .
   [2])
  ("rotate" .
   [0 0 1 0 1 0])
  ("cos" .
   [4 0 0])
  ("sin" .
   [7 0 0])
  ("move" .
   [13 0 3 1])
  ("theta" .
   [6 0 3 9 0])
  ("turn" .
   [4 0 2 0])
  ("Trapezoid" .
   [0 0 0 1 0 0 0 0 0])
  ("p2" .
   [1 0])
  ("p1" .
   [8 0])
  ("max" .
   [9 0 0])
  ("l_down" .
   [0 0 0 2 3 0])
  ("p_down" .
   [0 0 0 3 6 0])
  ("l_up" .
   [0 0 4 1])
  ("p_up" .
   [4 0 3 1])
  ("p" .
   [14])
  ("Disk" .
   [0 0 2 0])
  ("ColorPoint" .
   [0 0 3 0 0 0 0 0 0 0])
  ("color" .
   [0 0 8 0 0])
  ("c" .
   [11])
  ("super" .
   [4 0 0 2 1])
  ("Circle" .
   [0 0 5 1 1 0])
  ("3" .
   [1])
  ("Bezier" .
   [0 0 2 1 0 0])
  ("show" .
   [5 0 0 2])
  ("add" .
   [9 0 3])
  ("Line" .
   [4 0 0 6])
  ("50" .
   [14 0])
  ("new" .
   [58 0 0])
  ("Point" .
   [2 0 6 20 0])
  ("set_operate_dd_params_slow" .
   [0 0 0 0 0 0 0 0 0 0 0 0 0 0 0 0 0 0 0 0 0 0 0 0 0 1])
  ("attr_accessor" .
   [0 0 0 4 3 0 0 0 0 0 0 0 0])
  ("draw" .
   [13 0 0 7])
  ("set" .
   [21 0 0])
  ("l2" .
   [3 0])
  ("cnt" .
   [7 0 0])
  ("find" .
   [1 0 0 1])
  ("url" .
   [6 0 0])
  ("time" .
   [2 0 0 0])
  ("short_domain" .
   [0 0 0 0 0 1 0 0 1 0 0 0])
  ("splited" .
   [0 0 0 0 0 0 1])
  ("out_f" .
   [1 0 0 0 0])
  ("keys" .
   [1 0 0 0])
  ("read" .
   [2 0 0 0])
  ("split" .
   [6 0 0 0 2])
  ("data" .
   [12 0 2 0])
  ("organization" .
   [0 0 15 0 0 0 0 0 0 0 0 0])
  ("all_lines" .
   [0 0 0 2 0 0 0 0 0])
  ("line" .
   [5 0 1 1])
  ("write" .
   [2 0 0 0 0])
  ("open" .
   [1 0 0 0])
  ("filename" .
   [0 0 0 0 3 0 0 0])
  ("itemList" .
   [0 0 0 0 0 0 1 1])
  ("lines" .
   [6 0 1 0 1])
  ("readlines" .
   [3 0 0 0 0 0 0 0 0])
  ("close" .
   [3 0 0 0 1])
  ("int32_t" .
   [0 0 1 11 3 2 1])
  ("domain2" .
   [1 0 0 0 0 0 0])
  ("Short" .
   [0 0 0 3 0])
  ("domain" .
   [2 0 0 0 0 0])
  ("findall" .
   [0 0 0 1 0 0 0])
  ("compile" .
   [0 0 0 1 0 1 0])
  ("len" .
   [17 0 2])
  ("Write" .
   [1 0 0 0 0])
  ("credit" .
   [1 0 0 11 1 0])
  ("org" .
   [5 0 0])
  ("DOMAIN_BACKUP" .
   [0 0 2 0 0 0 0 0 0 0 0 0 0])
  ("Read" .
   [3 0 0 1])
  ("Organization" .
   [0 0 5 0 1 0 0 0 0 0 0 0])
  ("Search" .
   [0 0 1 0 1 0])
  ("begin" .
   [5 0 0 0 2])
  ("Init" .
   [1 0 0 0])
  ("FileUtil" .
   [1 0 0 0 3 0 0 0])
  ("output_data" .
   [0 0 0 0 0 2 4 0 0 0 0])
  ("outfile" .
   [0 0 1 2 0 1 0])
  ("input_data" .
   [0 0 0 0 6 2 0 0 0 0])
  ("infile" .
   [3 0 0 2 3 0])
  ("import" .
   [5 0 0 1 4 0])
  ("det" .
   [3 0 0])
  ("matrix" .
   [1 0 0 3 0 0])
  ("double" .
   [7 0 5 10 0 0])
  ("drive_tw_test" .
   [0 0 0 1 0 0 0 0 0 0 0 0 0])
  ("DRIVE_TW" .
   [1 0 0 0 0 0 0 0])
  ("N_MOT" .
   [1 0 0 0 0])
  ("defun" .
   [4 0 0 0 0])
  ("buffer:" .
   [0 0 1 0 0 0 0])
  ("message" .
   [0 0 9 1 3 1 0])
  ("cmd_show_ls" .
   [0 0 0 0 0 0 0 1 0 0 0])
  ("add_command" .
   [0 0 1 4 4 0 0 0 0 0 0])
  ("show_ls" .
   [0 0 0 0 0 1 0])
  ("r_getc" .
   [0 0 0 0 2 0])
  ("printf" .
   [42 0 9 66 25 5])
  ("int8_t" .
   [1 0 0 0 0 0])
  ("int" .
   [231 0 0])
  ("p_lsm" .
   [0 0 0 0 1])
  ("dv_is_linesensor" .
   [0 0 0 0 0 1 0 0 0 0 0 0 0 0 0 0])
  ("d" .
   [6])
  ("static" .
   [37 0 0 2 1 1])
  ("TRUE" .
   [2 0 0 0])
  ("set_execute_mlm_flag" .
   [0 0 0 0 0 0 1 0 0 0 0 0 0 0 0 0 0 0 0 0])
  ("init_mlm" .
   [1 0 0 2 0 0 0 0])
  ("endif" .
   [21 0 9 14 1])
  ("mlm" .
   [1 0 0])
  ("include" .
   [18 0 41 18 1 1 10])
  ("__INSTALL_MLM__" .
   [0 0 0 0 0 1 0 0 0 0 0 0 0 0 0])
  ("ifdef" .
   [10 0 1 0 0])
  ("print" .
   [43 0 0 0 2])
  ("end" .
   [63 0 2])
  ("length" .
   [0 0 6 3 1 0])
  ("abs" .
   [5 0 0])
  ("if" .
   [63 0])
  ("i" .
   [21])
  ("gjp" .
   [3 0 0])
  ("rb" .
   [2 0])
  ("gj" .
   [4 0])
  ("load" .
   [5 0 2 0])
  ("OrgName" .
   [0 0 2 0 0 1 0])
  ("titles" .
   [0 0 5 1 1 0])
  ("self" .
   [64 0 13 31])
  ("__init__" .
   [0 0 0 0 0 1 0 0])
  ("Google" .
   [2 0 0 1 2 0])
  ("class" .
   [5 0 0 2 0])
  ("return" .
   [51 0 8 7 26 10])
  ("def" .
   [32 0 2])
  ("initialize" .
   [0 0 0 5 1 0 0 0 0 0])
  ("function" .
   [1 0 0 0 2 0 0 0])
  ("google" .
   [2 0 1 1 0 0])
  ("goo" .
   [1 0 0])
  ("word" .
   [20 0 3 10])
  ("var" .
   [3 0 0])
  ("2px" .
   [1 0 0])
  ("margin-left" .
   [0 0 0 1 0 0 0 0 0 0 0])
  ("background-color" .
   [1 0 0 0 0 0 0 0 0 0 0 0 0 0 0 0])
  ("search" .
   [4 0 3 1 0 0])
  ("_word" .
   [1 0 0 0 0])
  ("this" .
   [1 0 0 0])
  ("results" .
   [0 0 3 3 7 0 0])
  ("urllib2" .
   [1 0 0 0 0 0 0])
  ("for" .
   [97 0 0])
  ("in" .
   [15 0])
  ("domains" .
   [0 0 13 2 5 0 0])
  ("append" .
   [0 0 0 3 1 0])
  ("dic" .
   [6 0 0])
  ("save" .
   [1 0 0 0])
  ("void" .
   [125 1 0 0])
  ("2" .
   [3])
  ("1" .
   [12])
  ("30" .
   [11 0])
  ("NEGATIVE" .
   [0 0 8 0 0 0 0 0])
  ("N_LSL" .
   [1 0 0 0 0])
  ("N_LSM" .
   [1 0 0 0 0])
  ("p_lsl" .
   [1 0 0 1 2])
  ("s" .
   [25])
  ("dv_is_linesensor_list" .
   [0 0 0 0 0 0 0 0 0 0 0 0 0 0 0 0 0 0 1 1 0])
  ("hello" .
   [3 0 0 0 0])
  ("client" .
   [0 0 0 0 1 0])
  ("tweet" .
   [1 0 0 0 0])
  ("tables" .
   [3 0 0 0 0 0])
  ("table" .
   [0 0 0 1 0])
  ("DOMAIN_TABLE" .
   [0 0 0 0 1 0 0 0 0 0 0 0])
  ("r" .
   [9])
  ("SearchN" .
   [1 0 0 0 0 0 0])
  ("range" .
   [5 0 0 1 0])
  ("elif" .
   [1 0 0 0])
  ("else" .
   [11 0 0 0])
  ("None" .
   [2 0 0 0])
  ("and" .
   [4 0 0])
  ("str" .
   [30 0 0])
  ("True" .
   [2 0 0 0])
  ("sleep" .
   [2 0 0 0 0])
  ("10" .
   [31 0])
  ("w" .
   [1])
  ("replace" .
   [1 0 0 1 0 0 0])
  ("codecs" .
   [1 0 0 0 0 0])
  ("regexp" .
   [0 0 0 1 0 0])
  ("re" .
   [3 0])
  ("sys" .
   [4 0 0])
  ("argv" .
   [2 0 2 0])
  ("val" .
   [17 0 1])
  ("c-mode-hook" .
   [0 0 0 0 0 0 1 0 0 0 0])
  ("progn" .
   [2 0 0 5 0])
  ("shell-command" .
   [0 0 1 0 1 0 0 0 0 0 0 0 0])
  ("concatenate" .
   [0 0 0 1 0 0 1 0 0 0 0])
  ("string" .
   [1 0 1 0 0 1])
  ("rootpath" .
   [0 0 3 8 4 0 0 0])
  ("add-hook" .
   [0 0 0 2 0 0 0 0])
  ("after-init-hook" .
   [0 0 0 0 0 0 0 1 0 0 0 0 0 0 0])
  ("gtags-mode" .
   [0 0 0 0 0 2 0 0 1 0])
  ("let" .
   [2 0 0])
  ("get-buffer-create" .
   [0 0 0 0 1 0 0 0 0 0 0 0 0 0 0 0 0])
  ("switch-to-buffer" .
   [0 0 1 2 0 0 0 0 0 0 0 0 0 0 0 0])
  ("split-window-horizontally" .
   [0 0 0 0 0 0 0 0 0 0 0 0 0 0 0 1 0 0 0 0 0 0 0 0 0])
  ("global" .
   [0 0 0 1 0 1])
  ("global-set-key" .
   [0 0 0 0 0 0 1 0 0 2 0 0 0 0])
  ("other-window-backward" .
   [0 0 0 0 0 0 0 0 0 0 0 0 0 0 0 1 0 0 0 0 0])
  ("minibuffer-promptpproperties" .
   [1 0 0 0 3 0 0 0 0 0 0 0 0 0 0 0 0 0 0 0 0 0 0 0 0 0 0 0])
  ("get-all-source-files-from-rootpath" .
   [0 0 0 1 0 0 0 0 0 0 0 0 0 0 0 0 0 0 0 0 0 0 0 0 0 0 0 0 0 0 0 0 0 0])
  ("buffer-string" .
   [0 0 1 0 0 0 0 0 0 0 0 0 0])
  ("filepath" .
   [2 0 0 0 0 0 1 0])
  ("get-rootpath-from-filepath" .
   [0 0 0 0 1 0 0 0 0 0 0 0 0 0 0 0 0 0 0 0 0 0 0 0 0 0])
  ("PSC_STICK_L_V" .
   [0 0 0 0 0 1 0 0 0 0 0 0 0])
  ("remove_function" .
   [0 0 0 0 0 0 3 1 0 0 0 0 0 0 0])
  ("stop_auto_drive_token" .
   [0 0 0 0 1 0 0 0 0 0 0 0 0 0 0 0 0 0 0 0 0])
  ("dv_psc" .
   [0 0 0 1 0 0])
  ("block_operate_kakitani" .
   [0 0 0 0 0 0 0 1 0 1 0 0 0 0 0 0 0 0 0 0 0 0])
  ("go_curve" .
   [0 0 0 0 0 2 0 0])
  ("go_curve_with" .
   [1 0 0 0 0 0 0 0 0 0 0 0 0])
  ("block" .
   [0 0 0 1 0])
  ("1000" .
   [11 0 0 0])
  ("_blocks" .
   [0 0 0 2 2 0 0])
  ("BLOCK_MOVE" .
   [0 0 0 3 0 0 0 0 0 0])
  ("fld" .
   [0 0 1])
  ("flg_buttom" .
   [0 0 0 0 0 1 0 0 0 0])
  ("true" .
   [2 0 0 0])
  ("while" .
   [23 0 0 0 0])
  ("32188" .
   [0 0 1 0 0])
  ("49045" .
   [0 0 0 1 0])
  ("wait_for_control" .
   [0 0 0 0 0 0 0 0 0 1 0 0 0 0 0 0])
  ("operate" .
   [0 0 0 1 0 0 0])
  ("operate_stop" .
   [1 0 0 0 0 0 0 0 0 0 0 0])
  ("tmp" .
   [19 0 0])
  ("crnt" .
   [0 0 6 0])
  ("start" .
   [1 0 0 0 1])
  ("next" .
   [12 0 37 13])
  ("NULL" .
   [52 0 0 0])
  ("get_digit" .
   [0 0 0 1 0 0 0 0 0])
  ("sizeof" .
   [9 0 1 0 0 0])
  ("pmlms" .
   [1 0 0 0 0])
  ("LSL_PACKAGE" .
   [0 0 0 1 0 0 0 0 0 0 0])
  ("control_photo_sensors" .
   [0 0 0 1 0 0 0 0 0 0 0 1 0 0 0 0 0 0 0 0 0])
  ("cmd_photo_sensors" .
   [0 0 0 0 0 0 0 1 0 0 0 0 0 0 0 0 0])
  ("p_enc" .
   [0 0 0 1 1])
  ("LEFT_ENC" .
   [0 0 1 0 0 0 0 0])
  ("RIGHT_ENC" .
   [0 0 1 0 0 0 0 0 0])
  ("dv_get_encoder_total" .
   [0 0 0 0 0 0 1 0 0 0 0 0 0 0 0 0 0 0 0 0])
  ("control_encoder" .
   [0 0 0 0 0 0 0 0 0 0 1 0 1 0 0])
  ("cmd_encoder" .
   [0 0 0 0 0 1 0 0 0 0 0])
  ("function_list" .
   [0 0 2 1 0 0 0 0 0 0 0 0 1])
  ("labels" .
   [2 0 0 0 0 0])
  ("words" .
   [2 0 1 9 1])
  ("ls_position_get" .
   [0 0 0 0 0 0 0 0 0 0 0 0 0 1 0])
  ("_ls_pos" .
   [0 0 0 1 0 0 0])
  ("DEBUG" .
   [3 0 4 1 3])
  ("stdio" .
   [4 0 1 0 0])
  ("ans" .
   [0 0 1])
  ("gcd" .
   [4 0 4])
  ("lcm" .
   [3 0 0])
  ("MAX" .
   [1 0 0])
  ("ARM" .
   [1 0 0])
  ("p_map_t" .
   [0 0 0 0 5 1 0])
  ("map" .
   [7 0 0])
  ("get_odometry_map" .
   [0 0 0 0 0 0 0 3 0 0 0 0 0 0 0 0])
  ("map_dx" .
   [0 0 0 1 0 0])
  ("map_dx_i" .
   [1 0 0 0 0 0 0 0])
  ("map_dy_i" .
   [1 0 0 0 0 0 1 0])
  ("1010" .
   [3 0 0 0])
  ("1057" .
   [5 0 0 0])
  ("7" .
   [1])
  ("707f" .
   [4 0 0 0])
  ("odometry" .
   [0 0 0 0 1 1 0 0])
  ("position" .
   [0 0 0 0 2 0 0 0])
  ("position_t" .
   [2 0 0 1 5 0 0 0 0 0])
  ("_map_map" .
   [0 0 0 1 0 0 0 0])
  ("cmd_mlm_modoki_on" .
   [0 0 0 0 1 0 1 0 0 0 0 0 0 0 0 0 0])
  ("shell" .
   [2 0 1 0 0])
  ("mlm_modoki" .
   [0 0 0 0 0 0 0 0 1 0])
  ("cmd_mlm_modoki_off" .
   [1 0 0 0 0 0 0 0 0 0 0 0 0 0 0 0 0 0])
  ("params" .
   [2 0 0 0 0 0])
  ("__THIS_IS_BLUE_FIELD__" .
   [0 0 1 0 0 1 0 0 0 0 0 0 0 0 0 0 0 0 0 0 0 0])
  ("__DEBUG__" .
   [0 0 1 0 0 0 0 0 0])
  ("sqrt_n" .
   [0 0 1 1 0 0])
  ("typedef" .
   [2 0 0 0 1 0 0])
  ("struct" .
   [11 0 0 0 0 0])
  ("num" .
   [33 0 2])
  ("_list" .
   [2 0 0 1 0])
  ("n" .
   [21])
  ("list_t" .
   [2 0 1 7 1 1])
  ("h" .
   [6])
  ("head_n" .
   [3 0 6 16 1 0])
  ("p_list_t" .
   [0 0 5 4 11 7 0 1])
  ("list_malloc" .
   [0 0 0 0 0 0 0 8 0 1 0])
  ("node" .
   [20 0 6 2])
  ("new_node" .
   [1 0 0 0 2 0 1 0])
  ("v" .
   [2])
  ("m" .
   [4])
  ("list" .
   [1 0 0 0])
  ("list_insert" .
   [1 0 0 0 0 0 0 4 0 0 1])
  ("head_v" .
   [10 0 0 2 0 0])
  ("head" .
   [2 0 8 3])
  ("main" .
   [20 0 0 0])
  ("FILE" .
   [1 0 0 0])
  ("stdin" .
   [1 0 0 0 0])
  ("room" .
   [1 0 4 1])
  ("break" .
   [5 0 0 0 0])
  ("push_val" .
   [0 0 0 0 1 0 0 0])
  ("old_room" .
   [0 0 2 1 2 0 0 0])
  ("contais" .
   [1 0 2 1 0 0 1])
  ("new_room" .
   [0 0 0 0 0 0 3 0])
  ("pop_val" .
   [0 0 1 0 1 0 0])
  ("push_num" .
   [0 0 0 1 0 0 0 0])
  ("pop_num" .
   [0 0 0 0 0 0 1])
  ("cost" .
   [9 0 4 9])
  ("malloc" .
   [4 0 0 0 2 0])
  ("head_cost" .
   [0 0 2 5 0 0 0 7 12])
  ("old" .
   [1 0 0])
  ("free" .
   [2 0 0 2])
  ("rougai" .
   [0 0 0 2 0 0])
  ("l" .
   [2])
  ("n_nodes" .
   [1 0 0 0 2 1 0])
  ("costs" .
   [4 0 0 3 2])
  ("N_NODE_MAX" .
   [0 0 0 0 1 0 0 0 0 0])
  ("INF" .
   [0 0 1])
  ("goal" .
   [0 0 1 0])
  ("list_push" .
   [1 0 0 0 0 0 0 1 0])
  ("list_pop" .
   [0 0 0 0 0 0 0 1])
  ("nodes_c" .
   [0 0 0 0 0 0 3])
  ("continue" .
   [3 0 0 0 0 0 1 0])
  ("nodes" .
   [0 0 1 0 0])
  ("list_find_and_pop" .
   [0 0 0 0 0 0 0 1 0 0 0 0 0 0 0 0 0])
  ("dijkstra_c" .
   [0 0 0 0 0 0 0 0 0 1])
  ("dijkstra_t" .
   [0 0 0 0 0 0 0 0 0 1])
  ("e" .
   [1])
  ("p_psm_control_t" .
   [0 0 0 1 4 0 0 0 0 0 0 0 0 0 0])
  ("s_d" .
   [4 0 0])
  ("p_d" .
   [8 0 4])
  ("Sigam" .
   [0 0 3 0 0])
  ("sigma" .
   [3 0 4 0 0])
  ("k_d" .
   [3 0 1])
  ("F_star" .
   [0 0 0 1 0 0])
  ("k_p" .
   [2 0 0])
  ("k" .
   [1])
  ("coeff_a" .
   [2 0 0 0 0 0 4])
  ("p_d_last" .
   [0 0 0 0 1 2 1 1])
  ("f_star" .
   [0 0 2 4 0 0])
  ("coeff_f_star" .
   [0 0 7 0 0 0 0 0 0 0 0 0])
  ("a_last" .
   [0 0 1 0 6 0])
  ("a_last_last" .
   [0 0 0 0 0 0 0 1 0 1 2])
  ("absf" .
   [1 0 0 0])
  ("psm_control" .
   [0 0 0 0 1 0 1 2 0 0 0])
  ("k_i" .
   [1 0 0])
  ("init_params" .
   [0 0 0 0 0 0 0 2 0 0 0])
  ("get_current_p" .
   [0 0 0 6 0 0 0 0 0 1 0 0 0])
  ("update_state_space" .
   [0 0 1 0 0 0 0 0 0 0 0 0 0 0 0 0 0 1])
  ("p_last" .
   [0 0 0 0 2 0])
  ("0f" .
   [17 0])
  ("f" .
   [2])
  ("get_current_p_d" .
   [0 0 0 0 0 0 0 0 0 0 0 0 0 0 3])
  ("UPDOWN_D_DUTY" .
   [0 0 0 1 0 0 0 0 0 0 0 0 0])
  ("_psm" .
   [0 0 2 1])
  ("_pos" .
   [1 0 0 1])
  ("_get_current_pos" .
   [0 0 0 0 0 0 0 0 0 0 1 0 0 0 0 0])
  ("_dest_pos" .
   [0 0 1 4 0 0 0 0 0])
  ("get_updown_arm_pos" .
   [0 0 0 0 1 0 0 0 0 0 0 0 0 0 0 0 0 0])
  ("_get_current_dest" .
   [0 0 0 0 0 0 0 2 0 0 0 0 0 0 0 0 0])
  ("int16_t" .
   [3 0 0 1 1 0 0])
  ("duty" .
   [2 0 1 0])
  ("psm_control_get_output" .
   [0 0 0 0 0 0 0 0 0 0 0 0 0 0 0 0 0 0 0 0 0 1])
  ("_set_arm_motor" .
   [0 0 0 0 0 1 0 0 0 0 0 0 0 0])
  ("UPDOWN_ARM_STAY_MODE" .
   [0 0 0 0 0 0 0 0 0 0 0 0 0 1 0 0 0 0 0 0])
  ("psm_control_update" .
   [0 0 0 0 1 0 0 0 0 0 0 0 0 0 0 0 0 0])
  ("defined" .
   [2 0 0 0 0 0 0])
  ("__MLM_MODOKI_DEBUG__" .
   [0 0 1 0 1 1 0 0 0 0 0 0 0 0 0 0 0 0 0 0])
  ("DEFAULT_MAX_DUTY" .
   [0 0 0 0 0 0 0 0 0 0 1 0 0 0 0 0])
  ("sns_pos_p_fixed" .
   [0 0 0 0 0 0 0 0 0 0 1 0 0 0 0])
  ("n_lines" .
   [0 0 0 1 2 0 0])
  ("__MLM_MODOKI_USE_EACH__" .
   [0 0 0 0 1 0 0 0 0 0 0 0 0 0 0 0 0 0 0 0 0 0 0])
  ("dy_weight" .
   [0 0 4 1 1 0 0 0 0])
  ("dx_weight" .
   [0 0 1 3 0 0 0 0 0])
  ("coeff" .
   [0 0 0 2 0])
  ("dx_weight_sum" .
   [0 0 0 2 0 0 0 0 0 0 1 0 0])
  ("dy_weight_sum" .
   [0 0 0 1 0 0 0 0 0 0 0 1 1])
  ("av_map_dy_f" .
   [2 0 0 0 0 0 0 0 0 0 0])
  ("lputs" .
   [0 0 0 2 0])
  ("LOGPRIO_DEBUG" .
   [0 0 0 1 0 0 0 0 0 0 0 0 1])
  ("LOGKIND_DEFAULT" .
   [0 0 1 0 0 0 0 0 0 0 0 0 0 0 1])
  ("log_str" .
   [0 0 0 1 1 1 0])
  ("sns_pos_p" .
   [0 0 0 1 0 0 0 0 1])
  ("device_params" .
   [0 0 0 0 0 0 0 0 0 1 0 0 0])
  ("stream_cmd" .
   [0 0 0 0 1 0 0 0 0 0])
  ("uint8_t" .
   [1 0 1 2 0 0 0])
  ("psm" .
   [2 0 0])
  ("convert" .
   [0 0 0 1 0 0 0])
  ("tex" .
   [1 0 0])
  ("texfilename" .
   [0 0 0 0 0 3 0 1 0 0 0])
  ("sed" .
   [2 0 0])
  ("_logbuf" .
   [0 0 0 0 1 0 0])
  ("p_lsl_pack" .
   [0 0 0 0 0 0 0 0 1 0])
  ("device" .
   [0 0 0 0 2 0])
  ("p_lsl_front" .
   [0 0 0 0 0 0 0 0 0 1 0])
  ("_invalid_id" .
   [0 0 0 0 1 0 0 0 0 0 0])
  ("_num_invalid" .
   [0 0 0 0 0 1 0 0 0 0 0 0])
  ("MLMLCのパラメータ" .
   [1 0 0 0 0 0 0 0 0 0 0])
  ("mlmlc_control" .
   [0 0 0 0 0 0 0 0 0 1 0 0 0])
  ("_execute" .
   [0 0 1 0 0 0 0 0])
  ("com" .
   [2 0 0])
  ("weight" .
   [0 0 1 6 1 0])
  ("remove_map" .
   [0 0 0 0 1 0 0 0 0 0])
  ("_dup" .
   [0 0 1 0])
  ("labellist_head" .
   [0 0 0 0 0 0 0 0 0 0 0 0 0 1])
  ("init_shell" .
   [0 0 0 0 0 0 0 0 1 0])
  ("init_shell_operate" .
   [0 0 0 0 0 0 0 0 0 0 0 0 1 0 0 0 0 0])
  ("mlmlc_set_execute_flag" .
   [0 0 0 0 0 0 0 0 0 1 0 0 0 0 0 0 0 0 0 0 0 0])
  ("av_dx_f" .
   [0 0 0 0 1 0 0])
  ("av_dx_i" .
   [1 0 0 0 0 0 0])
  ("av_dy_i" .
   [0 0 0 0 0 0 1])
  ("src_img_gray" .
   [0 0 0 0 1 0 0 0 0 0 0 0])
  ("src_img_std" .
   [2 0 0 0 0 0 0 0 0 0 0])
  ("cvNamedWindow" .
   [0 0 0 0 1 0 0 0 0 0 0 0 0])
  ("WND" .
   [0 0 1])
  ("CV_WINDOW_AUTOSIZE" .
   [0 0 0 0 0 1 0 0 0 0 0 0 0 0 0 0 0 0])
  ("CvMemStorage" .
   [0 0 0 0 1 0 0 0 0 0 0 0])
  ("hough" .
   [0 0 0 1 0])
  ("control_print_map" .
   [0 0 0 0 1 0 0 0 0 0 0 1 0 0 0 0 1])
  ("turn_usr" .
   [0 0 1 1 1 0 0 0])
  ("arg" .
   [0 0 1])
  ("get_map_root" .
   [0 0 0 0 0 0 0 0 0 0 0 1])
  ("UNITMM" .
   [0 0 0 1 0 0])
  ("cmd_check_lspos" .
   [0 0 0 0 0 0 0 0 0 0 0 0 0 0 1])
  ("execute" .
   [0 0 0 1 0 0 0])
  ("execute_shell" .
   [0 0 0 0 0 0 0 0 1 0 0 0 0])
  ("util" .
   [1 0 0 0])
  ("7636" .
   [1 0 0 0])
  ("STOP_GO_X" .
   [0 0 0 0 3 0 0 0 0])
  ("STOP_GO_THETA" .
   [0 0 0 0 1 0 0 0 0 0 1 0 0])
  ("KAKITANI_K" .
   [0 0 0 0 1 0 0 0 0 0])
  ("STOP_GO_Y" .
   [1 0 0 0 0 0 0 0 0])
  ("A_MAX" .
   [0 0 1 0 0])
  ("TURN_A" .
   [0 0 0 1 0 0])
  ("MAX_OMEGA" .
   [0 0 0 1 0 0 0 0 0])
  ("ALPHA_MAX" .
   [0 0 1 0 0 0 0 0 0])
  ("LOCUS_L" .
   [0 0 0 0 1 0 0])
  ("K_A_F" .
   [2 0 0 0 0])
  ("K_V_F" .
   [1 0 0 0 0])
  ("K_V_M" .
   [1 0 0 0 0])
  ("K_A_M" .
   [1 0 0 0 0])
  ("OFFSET_L_F" .
   [1 0 0 0 0 0 0 0 0 0])
  ("OFFSET_R_F" .
   [1 0 0 0 0 0 0 0 0 0])
  ("OFFSET_L_B" .
   [1 0 0 0 0 0 0 0 0 0])
  ("OFFSET_R_B" .
   [1 0 0 0 0 0 0 0 0 0])
  ("WIDTH" .
   [1 0 0 0 0])
  ("real_r" .
   [4 0 0 0 0 0])
  ("__INSTALL_MAP__" .
   [0 0 0 0 1 0 0 0 0 0 0 0 0 0 0])
  ("__INSTALL_ODOMETRY__" .
   [0 0 0 0 0 0 0 0 0 0 0 1 0 0 0 0 0 0 0 0])
  ("cmd_start_gyro_system" .
   [0 0 0 0 0 0 0 0 0 0 0 0 0 0 0 0 0 0 0 0 1])
  ("m_a" .
   [2 0 0])
  ("m_b" .
   [2 0 0])
  ("subsierpinski" .
   [0 0 0 2 0 0 0 0 0 0 0 0 0])
  ("trapezoid" .
   [0 0 0 1 0 0 0 0 0])
  ("mult" .
   [2 0 0 0])
  ("350" .
   [3 0 0])
  ("336" .
   [1 0 0])
  ("motor" .
   [2 0 0 0 0])
  ("hal_motor" .
   [1 0 0 0 0 0 0 0 0])
  ("motor1" .
   [1 0 0 0 0 0])
  ("then" .
   [10 0 0 0])
  ("case" .
   [3 0 0 0])
  ("11" .
   [1 0])
  ("----" .
   [1 0 0 0])
  ("height" .
   [0 0 1 1 0 0])
  ("number" .
   [0 0 3 5 0 0])
  ("dif" .
   [2 0 0])
  ("minof" .
   [1 0 0 0 0])
  ("const" .
   [3 0 0 1 0])
  ("intary_rcpy" .
   [1 0 0 1 0 0 0 0 0 0 0])
  ("vy" .
   [2 0])
  ("vx" .
   [1 0])
  ("CHAR_MIN" .
   [0 0 1 0 0 0 0 1])
  ("CHAR_MAX" .
   [0 0 0 0 0 0 1 0])
  ("UINT_MAX" .
   [0 0 0 1 1 0 0 0])
  ("print_time" .
   [0 0 0 2 0 0 0 0 0 0])
  ("combination" .
   [0 0 1 1 0 1 0 0 0 0 0])
  ("char" .
   [14 0 0 0])
  ("str_chnum" .
   [1 0 0 2 0 0 0 0 0])
  ("temp" .
   [6 0 1 3])
  ("256" .
   [2 0 0])
  ("rev_string" .
   [0 0 0 1 0 0 0 0 0 0])
  ("n1" .
   [11 0])
  ("n2" .
   [10 0])
  ("sort2" .
   [0 0 0 1 0])
  ("ptr" .
   [1 0 0])
  ("set123" .
   [0 0 1 0 0 0])
  ("quit" .
   [10 0 0 0])
  ("Font" .
   [3 0 0 0])
  ("greeting" .
   [0 0 0 0 0 0 0 1])
  ("profiles" .
   [1 0 0 1 0 0 0 3])
  ("profile" .
   [1 0 0 0 0 0 0])
  ("key" .
   [1 0 0])
  ("query" .
   [0 0 1 0 0])
  ("address" .
   [1 0 0 0 0 0 0])
  ("Qt" .
   [1 0])
  ("Widget" .
   [1 0 0 0 0 1])
  ("MyWidget" .
   [0 0 1 0 0 0 0 0])
  ("widget" .
   [1 0 0 0 0 0])
  ("each" .
   [4 0 0 0])
  ("new_tweet" .
   [0 0 2 0 0 0 0 0 2])
  ("str_2" .
   [0 0 0 0 1])
  ("success_tweet" .
   [0 0 1 0 0 0 0 0 0 0 0 0 0])
  ("/home/suigin/KanmusuMemory/lib" .
   [0 0 0 0 0 1 0 0 0 0 0 0 0 0 0 0 0 0 0 0 0 0 0 0 0 0 0 0 0 0])
  ("appname" .
   [0 0 0 0 0 1 0])
  ("characters" .
   [1 0 0 2 0 1 0 0 0 0])
  ("all_words" .
   [1 0 0 3 0 0 0 0 0])
  ("point" .
   [1 0 1 1 0])
  ("WORDLENGTH" .
   [0 0 5 0 0 0 0 0 0 0])
  ("HYPHENNUM" .
   [0 0 2 0 0 0 0 0 0])
  ("result" .
   [3 0 0 1 1 0])
  ("alias" .
   [0 0 0 1 0])
  ("export" .
   [1 0 0 0 0 0])
  ("recv_all" .
   [0 0 0 0 1 0 0 0])
  ("recved" .
   [4 0 0 2 0 0])
  ("recvfrom" .
   [1 0 0 0 0 1 0 0])
  ("perror" .
   [5 0 0 0 0 0])
  ("exit" .
   [10 0 0 0])
  ("data_s" .
   [1 0 0 0 0 0])
  ("addr" .
   [15 0 0 0])
  ("sockaddr" .
   [1 0 0 0 0 0 0 0])
  ("stderr" .
   [6 0 0 0 0 0])
  ("fdp_fd" .
   [1 0 0 0 0 0])
  ("FD_SIZE" .
   [1 0 3 1 0 0 0])
  ("epfd" .
   [5 0 0 0])
  ("MAX_NUM" .
   [2 0 2 0 0 0 0])
  ("bucket" .
   [3 0 0 0 0 0])
  ("filesize" .
   [4 0 0 0 2 1 0 0])
  ("pagesize" .
   [1 0 1 0 2 0 0 0])
  ("mmapsize" .
   [0 0 1 0 0 0 1 0])
  ("elsif" .
   [1 0 0 0 0])
  ("p_b" .
   [2 0 0])
  ("p_r2i" .
   [1 0 0 0 0])
  ("pivotの方が大きい時" .
   [1 0 0 0 0 0 0 0 0 0 0 0])
  ("omp" .
   [7 0 0])
  ("pragma" .
   [8 0 0 0 0 0])
  ("sections" .
   [4 0 0 0 0 0 0 0])
  ("parallel" .
   [1 0 0 0 0 0 0 0])))
